cam0:
  T_cam_imu:
  - [-0.0030945, -0.999995, 0.000643422, -0.00784803]
  - [0.999993, -0.00309326, 0.00193161, -0.0641952]
  - [-0.00192961, 0.000649395, 0.999998, -0.00561583]
  - [0.0, 0.0, 0.0, 1.0]
  cam_overlaps: [1]
  camera_model: pinhole
  distortion_coeffs: [-0.283917987682081, 0.0747380336208662, -0.00034924873074504274, -0.00038914404666670356]
  distortion_model: radtan
  intrinsics: [465.5438828914049, 464.450869797616, 375.12862574519966, 228.05123074823499]
  resolution: [752, 480]
  rostopic: /cam0/image_raw
  timeshift_cam_imu: -8.681e-05
cam1:
  T_cam_imu:
  - [-0.00866735, -0.999962, -0.00101326 , -0.0082462]
  - [0.999938, -0.00866002, -0.00702384, 0.043858]
  - [0.00701479, -0.00107407, 0.999975, -0.0091634]
  - [0.0, 0.0, 0.0, 1.0]
  T_cn_cnm1:
  - [0.9999964147057578, 0.002298798966137579, -0.0013733531745236335, -0.11008922544018232]
  - [-0.002279212037735962, 0.9998980292514108, 0.014097385985724301, 0.0005380917700374198]
  - [0.0014056201890015765, -0.014094205279360068, 0.9998996837730404, -0.0007579551266842523]
  - [0.0, 0.0, 0.0, 1.0]
  cam_overlaps: [0]
  camera_model: pinhole
  distortion_coeffs: [-0.2819484524804744, 0.07366072199485607, -0.000319318607216399, 0.00015592386797933056]
  distortion_model: radtan
  intrinsics: [466.98934116409583, 466.03642721727965, 382.3208814477473, 243.23107124796078]
  resolution: [752, 480]
  rostopic: /cam1/image_raw
  timeshift_cam_imu: -8.681e-05
